{
 "cells": [
  {
   "cell_type": "code",
   "execution_count": 1,
   "metadata": {
    "colab": {
     "base_uri": "https://localhost:8080/"
    },
    "id": "wbxrLoJJzImB",
    "outputId": "6bd82d51-97ca-4691-d0bd-515fa3aec4f1"
   },
   "outputs": [
    {
     "name": "stdout",
     "output_type": "stream",
     "text": [
      "Requirement already satisfied: color_transfer in /usr/local/lib/python3.10/dist-packages (0.1)\n"
     ]
    }
   ],
   "source": [
    "pip install color_transfer"
   ]
  },
  {
   "cell_type": "code",
   "execution_count": 2,
   "metadata": {
    "id": "pcAYQ-F_GnvV"
   },
   "outputs": [],
   "source": [
    "import cv2\n",
    "import glob\n",
    "import shutil\n",
    "import os\n",
    "import numpy as np\n",
    "import matplotlib.pyplot as plt\n",
    "import matplotlib.image as img\n",
    "from color_transfer import color_transfer"
   ]
  },
  {
   "cell_type": "code",
   "execution_count": 3,
   "metadata": {
    "colab": {
     "base_uri": "https://localhost:8080/"
    },
    "id": "r8bANz2WCupZ",
    "outputId": "05c14030-751d-4045-c3a3-131ea8613505"
   },
   "outputs": [
    {
     "name": "stdout",
     "output_type": "stream",
     "text": [
      "Drive already mounted at /content/drive; to attempt to forcibly remount, call drive.mount(\"/content/drive\", force_remount=True).\n"
     ]
    }
   ],
   "source": [
    "from google.colab import drive\n",
    "drive.mount('/content/drive')\n",
    "folders = glob.glob('/content/drive/MyDrive/Paper_Data/images')\n",
    "imagenames_list = []\n",
    "for folder in folders:\n",
    "    for f in glob.glob(folder+'/*'):\n",
    "        imagenames_list.append(f)\n"
   ]
  },
  {
   "cell_type": "code",
   "execution_count": 4,
   "metadata": {
    "id": "keAmMT8WE2ug"
   },
   "outputs": [],
   "source": [
    "def resize_image(image, width = 250):\n",
    "    r = width/float(image.shape[1])\n",
    "    dim = (width, int(image.shape[0]*r))\n",
    "    resized = cv2.resize(image, dim, interpolation = cv2.INTER_AREA)\n",
    "    return resized"
   ]
  },
  {
   "cell_type": "code",
   "execution_count": 5,
   "metadata": {
    "id": "aNSylTcoFQrd"
   },
   "outputs": [],
   "source": [
    "def image_stats(image):\n",
    "    # Compute the mean and standard deviation of each channel\n",
    "    (l, a, b) = cv2.split(image)\n",
    "    (l_mean, l_std) = (l.mean(), l.std())\n",
    "    (a_mean, a_std) = (a.mean(), a.std())\n",
    "    (b_mean, b_std) = (b.mean(), b.std())\n",
    "    # return the color statistics\n",
    "    return (l_mean, l_std, a_mean, a_std, b_mean, b_std)"
   ]
  },
  {
   "cell_type": "code",
   "execution_count": 6,
   "metadata": {
    "id": "GqEd90oYFTUR"
   },
   "outputs": [],
   "source": [
    "def _min_max_scale(arr, new_range=(0, 255)):\n",
    "    mn = arr.min()\n",
    "    mx = arr.max()\n",
    "    # check if scaling needs to be done to be in new_range\n",
    "    if mn < new_range[0] or mx > new_range[1]:\n",
    "\t\t# perform min-max scaling\n",
    "        scaled = (new_range[1] - new_range[0]) * (arr - mn) / (mx - mn) + new_range[0]\n",
    "    else:\n",
    "\t\t# return array if already in range\n",
    "\t    scaled = arr\n",
    "\n",
    "    return scaled"
   ]
  },
  {
   "cell_type": "code",
   "execution_count": 7,
   "metadata": {
    "id": "4R0rtyS0FY63"
   },
   "outputs": [],
   "source": [
    "def _scale_array(arr, clip=True):\n",
    "\tif clip:\n",
    "\t\tscaled = np.clip(arr, 0, 255)\n",
    "\telse:\n",
    "\t\tscale_range = (max([arr.min(), 0]), min([arr.max(), 255]))\n",
    "\t\tscaled = _min_max_scale(arr, new_range=scale_range)\n",
    "\n",
    "\treturn scaled"
   ]
  },
  {
   "cell_type": "code",
   "execution_count": 8,
   "metadata": {
    "id": "d98etCYgFdU_"
   },
   "outputs": [],
   "source": [
    "def color_transfer(source, target, clip=True):\n",
    "\n",
    "    source = cv2.cvtColor(source, cv2.COLOR_BGR2LAB).astype(\"float32\")\n",
    "    target = cv2.cvtColor(target, cv2.COLOR_BGR2LAB).astype(\"float32\")\n",
    "\n",
    "    (lMeanSrc, lStdSrc, aMeanSrc, aStdSrc, bMeanSrc, bStdSrc) = image_stats(source)\n",
    "    (lMeanTar, lStdTar, aMeanTar, aStdTar, bMeanTar, bStdTar) = image_stats(target)\n",
    "\n",
    "    (l, a, b) = cv2.split(source)\n",
    "    q = (lStdTar-lStdSrc)/lStdTar\n",
    "\n",
    "    if q>0:\n",
    "        l = lMeanSrc+((l-lMeanSrc)*(1+q))\n",
    "    else:\n",
    "        l = lMeanSrc+(l-lMeanSrc)*(1+0.05)\n",
    "\n",
    "        a = aMeanTar+(a-aMeanSrc)\n",
    "        b = bMeanTar+(b-bMeanSrc)\n",
    "\n",
    "        l = _scale_array(l, clip=clip)\n",
    "        a = _scale_array(a, clip=clip)\n",
    "        b = _scale_array(b, clip=clip)\n",
    "\n",
    "\t# merge the channels together and convert back to the RGB color\n",
    "\t# space, being sure to utilize the 8-bit unsigned integer data\n",
    "\t# type\n",
    "    transfer = cv2.merge([l, a, b])\n",
    "    transfer = cv2.cvtColor(transfer.astype(\"uint8\"), cv2.COLOR_LAB2BGR)\n",
    "\n",
    "\t# return the color transferred image\n",
    "    return transfer"
   ]
  },
  {
   "cell_type": "code",
   "execution_count": 8,
   "metadata": {
    "id": "YNpLWYpaF2mn"
   },
   "outputs": [],
   "source": []
  },
  {
   "cell_type": "code",
   "execution_count": 8,
   "metadata": {
    "id": "cnUtV7BnGC9u"
   },
   "outputs": [],
   "source": []
  },
  {
   "cell_type": "code",
   "execution_count": 9,
   "metadata": {
    "id": "VYg86JaqFeE3"
   },
   "outputs": [],
   "source": [
    "source_images = []\n",
    "transferred_images = []\n",
    "\n",
    "for image in imagenames_list:\n",
    "    source = cv2.imread(image)\n",
    "    if source is None:\n",
    "        print(f\"Could not read the image: {image}\")\n",
    "        continue\n",
    "\n",
    "    source = resize_image(source)\n",
    "    source_images.append(source)\n",
    "\n",
    "    target_path = r\"images/Patient_012_01_Normal.png\"\n",
    "    target = cv2.imread(target_path)\n",
    "    if target is None:\n",
    "        print(f\"Could not read the target image: {target_path}\")\n",
    "        continue\n",
    "\n",
    "    target = resize_image(target)\n",
    "    transferred = color_transfer(source, target)\n",
    "    transferred = resize_image(transferred)\n",
    "\n",
    "    output_path = f\"/content/drive/MyDrive/Paper_Data/output(PM)/output_{image.split('/')[-1]}\"\n",
    "    output = cv2.imwrite(output_path, transferred)\n",
    "    transferred_images.append(output)\n"
   ]
  },
  {
   "cell_type": "code",
   "execution_count": null,
   "metadata": {
    "id": "pkWJMZIj5yzB"
   },
   "outputs": [],
   "source": [
    "import cv2\n",
    "from PIL import Image\n",
    "import glob\n",
    "\n",
    "for f in glob.glob('/content/drive/MyDrive/Paper_Data/images/*'):\n",
    "    img = cv2.imread(f)\n",
    "    im_hsv = cv2.cvtColor(img, cv2.COLOR_BGR2HSV)\n",
    "    im_hsv_pil = Image.fromarray(im_hsv)\n",
    "    im_hsv_pil.save('/content/drive/MyDrive/Paper_Data/RGB2HSV/%s.png' % f.split(\"/\")[-1])\n",
    "\n",
    "    im_lab = cv2.cvtColor(img, cv2.COLOR_BGR2LAB)\n",
    "    im_lab_pil = Image.fromarray(im_lab)\n",
    "    im_lab_pil.save('/content/drive/MyDrive/Paper_Data/RGB2LAB/%s.png' % f.split(\"/\")[-1])\n",
    "\n",
    "    ycbcr_image = cv2.cvtColor(img, cv2.COLOR_BGR2YCrCb)\n",
    "    ycbcr_image_pil = Image.fromarray(ycbcr_image)\n",
    "    ycbcr_image_pil.save('/content/drive/MyDrive/Paper_Data/ycbcr_image/%s.png' % f.split(\"/\")[-1])\n",
    "\n"
   ]
  },
  {
   "cell_type": "code",
   "execution_count": 1,
   "metadata": {
    "id": "ATafVw-PEml1"
   },
   "outputs": [
    {
     "name": "stderr",
     "output_type": "stream",
     "text": [
      "/tmp/ipykernel_30098/3997193152.py:7: DeprecationWarning: ANTIALIAS is deprecated and will be removed in Pillow 10 (2023-07-01). Use LANCZOS or Resampling.LANCZOS instead.\n",
      "  image = image.resize(target_size, Image.ANTIALIAS)\n"
     ]
    },
    {
     "name": "stdout",
     "output_type": "stream",
     "text": [
      "Pearson Correlation Coefficient Matrix:\n",
      "[[ 1.          0.00232526 -0.10160091  0.15188319  0.02779871  0.07853747\n",
      "   0.02454614  0.02178105  0.09271401  0.04471353  0.05869827  0.18053662\n",
      "   0.07370302 -0.01829512  0.09886283  0.13703725  0.18511701 -0.12002884\n",
      "   0.1912408   0.10345919  0.13053874  0.22026611  0.15344741  0.16204757\n",
      "   0.10748174  0.09134543  0.16262144  0.22107525 -0.04122813  0.14619273\n",
      "   0.0754604 ]\n",
      " [ 0.00232526  1.          0.05092337  0.19276526  0.17065101  0.089412\n",
      "   0.00405278  0.04477683  0.0189912   0.03778245  0.13790461  0.13047409\n",
      "   0.09957654  0.15572049  0.12529621  0.03541703  0.14539388  0.1219602\n",
      "   0.14334243  0.06307121  0.10401075  0.23178824  0.05525118  0.00316532\n",
      "   0.06879495 -0.01094604  0.18630188  0.16762933  0.02467826  0.1996821\n",
      "   0.14937723]\n",
      " [-0.10160091  0.05092337  1.          0.06099098  0.13488367  0.03909716\n",
      "   0.10639401 -0.01203763  0.02558541  0.12396552  0.01908916 -0.05458519\n",
      "   0.02518299  0.19914728  0.05834701 -0.03944213  0.07918649  0.04327421\n",
      "   0.04955239 -0.03076638  0.0162711   0.08962935  0.01022852  0.06280173\n",
      "  -0.00353463 -0.0036037   0.08674973  0.03032019  0.025425    0.04464658\n",
      "   0.00390049]\n",
      " [ 0.15188319  0.19276526  0.06099098  1.          0.32417281  0.16101753\n",
      "   0.07989896  0.13184783  0.06522388  0.13458102  0.18215641  0.32983107\n",
      "   0.1756033   0.31031226  0.17641062  0.11168142  0.34433569  0.08569003\n",
      "   0.36106663  0.07912975  0.18667828  0.46733289  0.11400746  0.1344747\n",
      "   0.05108994  0.09556588  0.46038688  0.35728625  0.02751702  0.3146879\n",
      "   0.2962635 ]\n",
      " [ 0.02779871  0.17065101  0.13488367  0.32417281  1.          0.1498928\n",
      "   0.09967868  0.1139166   0.04093799  0.19434592  0.16827912  0.2735262\n",
      "   0.15548164  0.37716152  0.18346661  0.05921763  0.34889589  0.19760998\n",
      "   0.33851647  0.09271921  0.17480316  0.44670845  0.07027169  0.03163669\n",
      "  -0.00848287  0.09518055  0.46084693  0.2788959   0.06043022  0.26356661\n",
      "   0.20748937]\n",
      " [ 0.07853747  0.089412    0.03909716  0.16101753  0.1498928   1.\n",
      "   0.07376165  0.03629916  0.09028793  0.10429239  0.09189212  0.15270244\n",
      "   0.06424138  0.14885612  0.08932799 -0.02771131  0.12902558  0.08544323\n",
      "   0.14137977  0.10723452  0.12893626  0.23129761  0.06738839  0.05158468\n",
      "   0.03603492  0.00369302  0.22072122  0.19328087  0.03481093  0.17902256\n",
      "   0.10469383]\n",
      " [ 0.02454614  0.00405278  0.10639401  0.07989896  0.09967868  0.07376165\n",
      "   1.         -0.01239444  0.13246691  0.11091183  0.08394489  0.02321588\n",
      "   0.02352022  0.1914408   0.06230201  0.01577109  0.16217582 -0.00957218\n",
      "   0.06432264  0.0817326   0.02888784  0.12462619  0.0391044   0.0359579\n",
      "   0.01574192  0.06434237  0.23013818  0.04962753  0.12473458  0.10709647\n",
      "   0.0802567 ]\n",
      " [ 0.02178105  0.04477683 -0.01203763  0.13184783  0.1139166   0.03629916\n",
      "  -0.01239444  1.          0.05255876  0.04799728  0.02866416  0.16366323\n",
      "   0.05210969  0.12123183  0.06045126  0.00393329  0.08159785  0.12627166\n",
      "   0.16729109  0.01846235  0.10487385  0.1949675   0.03731657  0.06940205\n",
      "  -0.02459515  0.05878277  0.15198334  0.12652874  0.03250452  0.10697594\n",
      "   0.16591236]\n",
      " [ 0.09271401  0.0189912   0.02558541  0.06522388  0.04093799  0.09028793\n",
      "   0.13246691  0.05255876  1.          0.07841901  0.03849572  0.06948026\n",
      "   0.02993015  0.20940713  0.02121033  0.03698722  0.13423822  0.01591479\n",
      "   0.04958519  0.10105408  0.09622634  0.16912699  0.05781502  0.00233076\n",
      "   0.04463888  0.01988822  0.17032872  0.07729042  0.10770947  0.06298239\n",
      "   0.20158789]\n",
      " [ 0.04471353  0.03778245  0.12396552  0.13458102  0.19434592  0.10429239\n",
      "   0.11091183  0.04799728  0.07841901  1.          0.04490373  0.09525564\n",
      "   0.07041854  0.18731435  0.09412514  0.02526866  0.19065693  0.08415076\n",
      "   0.20730012  0.05077237  0.07682555  0.21152045  0.05808695  0.04873734\n",
      "   0.02508902 -0.00335028  0.26649106  0.17735246  0.0879879   0.17020323\n",
      "   0.13923569]\n",
      " [ 0.05869827  0.13790461  0.01908916  0.18215641  0.16827912  0.09189212\n",
      "   0.08394489  0.02866416  0.03849572  0.04490373  1.          0.18732269\n",
      "   0.12549161  0.17937992  0.14072476  0.07127067  0.17204937  0.104822\n",
      "   0.15662316  0.06094129  0.08961005  0.25137296  0.03928172  0.05782986\n",
      "   0.03413844  0.05334349  0.27281838  0.16532678  0.0573487   0.19322913\n",
      "   0.20851641]\n",
      " [ 0.18053662  0.13047409 -0.05458519  0.32983107  0.2735262   0.15270244\n",
      "   0.02321588  0.16366323  0.06948026  0.09525564  0.18732269  1.\n",
      "   0.19423672  0.2600613   0.20880523  0.13871608  0.30496002  0.16982023\n",
      "   0.32709466  0.17481639  0.20257941  0.46246871  0.0674726   0.02923558\n",
      "  -0.01623174  0.13478158  0.42406195  0.31983384  0.07734641  0.33501376\n",
      "   0.28714909]\n",
      " [ 0.07370302  0.09957654  0.02518299  0.1756033   0.15548164  0.06424138\n",
      "   0.02352022  0.05210969  0.02993015  0.07041854  0.12549161  0.19423672\n",
      "   1.          0.14582682  0.11731143  0.04261132  0.16810938  0.09368171\n",
      "   0.15883616  0.03382783  0.11034168  0.26091682  0.06555381  0.01122134\n",
      "   0.0126856   0.03561484  0.25092957  0.19390229  0.05340926  0.21298428\n",
      "   0.18856371]\n",
      " [-0.01829512  0.15572049  0.19914728  0.31031226  0.37716152  0.14885612\n",
      "   0.1914408   0.12123183  0.20940713  0.18731435  0.17937992  0.2600613\n",
      "   0.14582682  1.          0.18380493  0.02632484  0.36893635  0.23377135\n",
      "   0.29885615  0.04369861  0.25551021  0.43343516  0.08711321  0.01866869\n",
      "   0.05847245  0.00375811  0.47218286  0.25668053  0.12738052  0.31375698\n",
      "   0.34899077]\n",
      " [ 0.09886283  0.12529621  0.05834701  0.17641062  0.18346661  0.08932799\n",
      "   0.06230201  0.06045126  0.02121033  0.09412514  0.14072476  0.20880523\n",
      "   0.11731143  0.18380493  1.          0.04087679  0.17023538  0.08817708\n",
      "   0.19688393  0.05698939  0.12219726  0.27006758  0.10433112  0.02525981\n",
      "   0.07147108  0.07012585  0.26455997  0.17899564  0.04516719  0.24529579\n",
      "   0.14719784]\n",
      " [ 0.13703725  0.03541703 -0.03944213  0.11168142  0.05921763 -0.02771131\n",
      "   0.01577109  0.00393329  0.03698722  0.02526866  0.07127067  0.13871608\n",
      "   0.04261132  0.02632484  0.04087679  1.          0.12823596  0.005425\n",
      "   0.08448486  0.03728404  0.05194307  0.11802766  0.03434904 -0.00685492\n",
      "   0.04880165 -0.00700919  0.1146152   0.10326239  0.00841361  0.06472424\n",
      "   0.11343365]\n",
      " [ 0.18511701  0.14539388  0.07918649  0.34433569  0.34889589  0.12902558\n",
      "   0.16217582  0.08159785  0.13423822  0.19065693  0.17204937  0.30496002\n",
      "   0.16810938  0.36893635  0.17023538  0.12823596  1.          0.11109175\n",
      "   0.37723408  0.12511786  0.21054745  0.49799815  0.15072104  0.07815414\n",
      "   0.07320058  0.09962687  0.5134557   0.34061956  0.09207566  0.30704024\n",
      "   0.28023616]\n",
      " [-0.12002884  0.1219602   0.04327421  0.08569003  0.19760998  0.08544323\n",
      "  -0.00957218  0.12627166  0.01591479  0.08415076  0.104822    0.16982023\n",
      "   0.09368171  0.23377135  0.08817708  0.005425    0.11109175  1.\n",
      "   0.09803516 -0.00510699  0.12059436  0.23955812 -0.00522706 -0.07195329\n",
      "  -0.01471901  0.02012928  0.23297643  0.10595807  0.08635263  0.1333528\n",
      "   0.25347317]\n",
      " [ 0.1912408   0.14334243  0.04955239  0.36106663  0.33851647  0.14137977\n",
      "   0.06432264  0.16729109  0.04958519  0.20730012  0.15662316  0.32709466\n",
      "   0.15883616  0.29885615  0.19688393  0.08448486  0.37723408  0.09803516\n",
      "   1.          0.05002073  0.25181504  0.50574034  0.14513332  0.14088732\n",
      "   0.0411815   0.14567414  0.43710808  0.35724895  0.07173597  0.33351607\n",
      "   0.26593158]\n",
      " [ 0.10345919  0.06307121 -0.03076638  0.07912975  0.09271921  0.10723452\n",
      "   0.0817326   0.01846235  0.10105408  0.05077237  0.06094129  0.17481639\n",
      "   0.03382783  0.04369861  0.05698939  0.03728404  0.12511786 -0.00510699\n",
      "   0.05002073  1.          0.05957819  0.14160826  0.13501273  0.04276344\n",
      "   0.04070016  0.04778022  0.14450176  0.08756879  0.1282935   0.1970671\n",
      "   0.1204087 ]\n",
      " [ 0.13053874  0.10401075  0.0162711   0.18667828  0.17480316  0.12893626\n",
      "   0.02888784  0.10487385  0.09622634  0.07682555  0.08961005  0.20257941\n",
      "   0.11034168  0.25551021  0.12219726  0.05194307  0.21054745  0.12059436\n",
      "   0.25181504  0.05957819  1.          0.27704056  0.1229032   0.0521069\n",
      "   0.02233469  0.01926495  0.19789723  0.17201762  0.04109479  0.15848121\n",
      "   0.21446448]\n",
      " [ 0.22026611  0.23178824  0.08962935  0.46733289  0.44670845  0.23129761\n",
      "   0.12462619  0.1949675   0.16912699  0.21152045  0.25137296  0.46246871\n",
      "   0.26091682  0.43343516  0.27006758  0.11802766  0.49799815  0.23955812\n",
      "   0.50574034  0.14160826  0.27704056  1.          0.21128105  0.15111485\n",
      "   0.09949802  0.15999565  0.6663528   0.48011339  0.12994721  0.42845296\n",
      "   0.43141407]\n",
      " [ 0.15344741  0.05525118  0.01022852  0.11400746  0.07027169  0.06738839\n",
      "   0.0391044   0.03731657  0.05781502  0.05808695  0.03928172  0.0674726\n",
      "   0.06555381  0.08711321  0.10433112  0.03434904  0.15072104 -0.00522706\n",
      "   0.14513332  0.13501273  0.1229032   0.21128105  1.          0.09627123\n",
      "   0.08734849  0.08982916  0.17714031  0.13737064  0.10859362  0.15899326\n",
      "   0.14326995]\n",
      " [ 0.16204757  0.00316532  0.06280173  0.1344747   0.03163669  0.05158468\n",
      "   0.0359579   0.06940205  0.00233076  0.04873734  0.05782986  0.02923558\n",
      "   0.01122134  0.01866869  0.02525981 -0.00685492  0.07815414 -0.07195329\n",
      "   0.14088732  0.04276344  0.0521069   0.15111485  0.09627123  1.\n",
      "   0.0065132   0.01312271  0.0814184   0.15810117 -0.03933691  0.09238524\n",
      "   0.03220282]\n",
      " [ 0.10748174  0.06879495 -0.00353463  0.05108994 -0.00848287  0.03603492\n",
      "   0.01574192 -0.02459515  0.04463888  0.02508902  0.03413844 -0.01623174\n",
      "   0.0126856   0.05847245  0.07147108  0.04880165  0.07320058 -0.01471901\n",
      "   0.0411815   0.04070016  0.02233469  0.09949802  0.08734849  0.0065132\n",
      "   1.         -0.08570316  0.07038516  0.05994273  0.01965481  0.05281463\n",
      "   0.07619093]\n",
      " [ 0.09134543 -0.01094604 -0.0036037   0.09556588  0.09518055  0.00369302\n",
      "   0.06434237  0.05878277  0.01988822 -0.00335028  0.05334349  0.13478158\n",
      "   0.03561484  0.00375811  0.07012585 -0.00700919  0.09962687  0.02012928\n",
      "   0.14567414  0.04778022  0.01926495  0.15999565  0.08982916  0.01312271\n",
      "  -0.08570316  1.          0.20174758  0.04777481  0.08154759  0.04611858\n",
      "   0.08793704]\n",
      " [ 0.16262144  0.18630188  0.08674973  0.46038688  0.46084693  0.22072122\n",
      "   0.23013818  0.15198334  0.17032872  0.26649106  0.27281838  0.42406195\n",
      "   0.25092957  0.47218286  0.26455997  0.1146152   0.5134557   0.23297643\n",
      "   0.43710808  0.14450176  0.19789723  0.6663528   0.17714031  0.0814184\n",
      "   0.07038516  0.20174758  1.          0.45495836  0.16696565  0.43100787\n",
      "   0.42765272]\n",
      " [ 0.22107525  0.16762933  0.03032019  0.35728625  0.2788959   0.19328087\n",
      "   0.04962753  0.12652874  0.07729042  0.17735246  0.16532678  0.31983384\n",
      "   0.19390229  0.25668053  0.17899564  0.10326239  0.34061956  0.10595807\n",
      "   0.35724895  0.08756879  0.17201762  0.48011339  0.13737064  0.15810117\n",
      "   0.05994273  0.04777481  0.45495836  1.         -0.02324351  0.3763236\n",
      "   0.23845555]\n",
      " [-0.04122813  0.02467826  0.025425    0.02751702  0.06043022  0.03481093\n",
      "   0.12473458  0.03250452  0.10770947  0.0879879   0.0573487   0.07734641\n",
      "   0.05340926  0.12738052  0.04516719  0.00841361  0.09207566  0.08635263\n",
      "   0.07173597  0.1282935   0.04109479  0.12994721  0.10859362 -0.03933691\n",
      "   0.01965481  0.08154759  0.16696565 -0.02324351  1.          0.04069546\n",
      "   0.13815807]\n",
      " [ 0.14619273  0.1996821   0.04464658  0.3146879   0.26356661  0.17902256\n",
      "   0.10709647  0.10697594  0.06298239  0.17020323  0.19322913  0.33501376\n",
      "   0.21298428  0.31375698  0.24529579  0.06472424  0.30704024  0.1333528\n",
      "   0.33351607  0.1970671   0.15848121  0.42845296  0.15899326  0.09238524\n",
      "   0.05281463  0.04611858  0.43100787  0.3763236   0.04069546  1.\n",
      "   0.20040985]\n",
      " [ 0.0754604   0.14937723  0.00390049  0.2962635   0.20748937  0.10469383\n",
      "   0.0802567   0.16591236  0.20158789  0.13923569  0.20851641  0.28714909\n",
      "   0.18856371  0.34899077  0.14719784  0.11343365  0.28023616  0.25347317\n",
      "   0.26593158  0.1204087   0.21446448  0.43141407  0.14326995  0.03220282\n",
      "   0.07619093  0.08793704  0.42765272  0.23845555  0.13815807  0.20040985\n",
      "   1.        ]]\n"
     ]
    }
   ],
   "source": [
    "import os\n",
    "from PIL import Image\n",
    "import numpy as np\n",
    "\n",
    "def image_to_numpy(image_path, target_size=(100, 100)):\n",
    "    image = Image.open(image_path)\n",
    "    image = image.resize(target_size, Image.ANTIALIAS)\n",
    "    return np.array(image)\n",
    "\n",
    "def pearson_correlation_coefficient(image1, image2):\n",
    "    # Flattening the images to 1D arrays\n",
    "    image1_flat = image1.flatten()\n",
    "    image2_flat = image2.flatten()\n",
    "\n",
    "    # Mean of the images\n",
    "    mean1 = np.mean(image1_flat)\n",
    "    mean2 = np.mean(image2_flat)\n",
    "\n",
    "    # Center the values by subtracting the mean\n",
    "    centered1 = image1_flat - mean1\n",
    "    centered2 = image2_flat - mean2\n",
    "\n",
    "    # Calculate the Pearson correlation coefficient\n",
    "    numerator = np.sum(centered1 * centered2)\n",
    "    denominator = np.sqrt(np.sum(centered1 ** 2) * np.sum(centered2 ** 2))\n",
    "    pcc = numerator / denominator\n",
    "\n",
    "    return pcc\n",
    "\n",
    "def create_pcc_matrix(image_folder):\n",
    "    image_paths = [os.path.join(image_folder, filename) for filename in os.listdir(image_folder) if filename.endswith('.png')]\n",
    "    num_images = len(image_paths)\n",
    "    pcc_matrix = np.zeros((num_images, num_images))\n",
    "\n",
    "    for i in range(num_images):\n",
    "        for j in range(i, num_images):\n",
    "            image1_path = image_paths[i]\n",
    "            image2_path = image_paths[j]\n",
    "            image1 = image_to_numpy(image1_path)\n",
    "            image2 = image_to_numpy(image2_path)\n",
    "            pcc_value = pearson_correlation_coefficient(image1, image2)\n",
    "            pcc_matrix[i, j] = pcc_value\n",
    "            pcc_matrix[j, i] = pcc_value\n",
    "\n",
    "    return pcc_matrix\n",
    "\n",
    "if __name__ == \"__main__\":\n",
    "    final_image_folder_name = \"Final_Images\"\n",
    "    final_image_folder_path = os.path.join(final_image_folder_name)\n",
    "\n",
    "    pcc_matrix = create_pcc_matrix(final_image_folder_path)\n",
    "    print(\"Pearson Correlation Coefficient Matrix:\")\n",
    "    print(pcc_matrix)\n"
   ]
  },
  {
   "cell_type": "code",
   "execution_count": 11,
   "metadata": {},
   "outputs": [
    {
     "data": {
